3707:
847856
2247810
11021:
2370577
1994791
245830
4601:
590631
1394957
1148989
590631
2278338
9903:
2246085
1220511
1220511
7581:
809841
1737:
1608637
1608637
1611334
2517734
720272
1327978
533315
720272
2328:
1811592
712997
1888195
761430
1185473
72399
956230
34183
630393
630393
956230
630393
1059372
712997
158732
7750:
71621
1716826
71621
1421125
71621
2083665
1660874
1756632
1677242
2273651
858636
1163403
10886:
799904
1418063
158022
946125
1803323
751308
1803323
1792974
2470904
1431056
751308
2076685
700604
158022
1140550
1418063
335531
727483
1646827
5435:
2452476
1026373
1948125
1275088
1546809
2248596
619690
2482881
391706
1047492
116299
137546
1026373
2482881
414482
29204
1948125
8931:
38578
1839324
38578
224:
2115343
301141
293417
416892
151120
189404
189404
1750833
1379412
1070825
2614949
416892
1379412
2614949
1637750
189404
984475
2614949
7827:
2227067
375961
2166491
529760
1916387
8013:
1728051
1728051
7771:
1416673
179259
1182811
757584
2636170
1416673
179259
757584
546650
16790:
2115696
1042456
1508362
2409127
14601:
2384205
2567604
153975
1104412
2513455
2055030
871121
1363818
634527
1291222
2506873
2065628
160536
1422299
1426902
207639
173572
314864
2086655
3775:
2047646
2491810
2491810
2360815
2491810
9658:
1927251
2404146
265257
434784
2404146
265257
767144
16645:
999619
999619
1316788
859350
999619
10024:
2529292
516686
13394:
162641
792270
1018216
2464081
1018216
162641
14399:
672103
672103
375177
2230622
484674
739199
1482069
739199
739199
672103
924254
2230622
103916
567822
484674
7723:
1122489
1712758
12291:
2432919
2432919
2305641
1559083
5069:
1347816
2642925
2143604
149409
2311077
11835:
122236
6908:
250286
2073663
124621
2294531
951713
2100508
2342003
1561222
82646
1085083
2156905
1979841
1660996
2480440
124621
724403
1325:
941158
957368
957368
885087
957368
10535:
205569
657479
2353041
1417:
622459
2500121
622459
7255:
218572
689424
689424
689424
7399:
1906492
570532
39051
1792745
2249677
2428151
1508313
205729
1732236
2616030
368940
2200620
135640
30791
1906492
2595083
1747069
578262
2642816
15786:
83895
1760778
1710000
700093
1183534
263969
1183534
1335939
1480417
1925306
1366427
2197697
2031721
1895326
1753483
11026:
431921
2119491
512837
910164
2074901
2156777
2082957
683121
278672
2256545
170728
592457
813066
2416763
683121
1937460
2246185
1321224
14950:
519965
66950
1930600
519965
10278:
352947
651434
513971
1875980
513971
513971
879787
1722264
846967
727483
2217433
298890
1875980
1620184
12386:
639782
2458016
1426129
1426129
2401958
2401958
16577:
1595080
11196:
796774
1400659
6949:
531220
1343521
1343521
4458:
479779
479779
1062512
10583:
1206583
1229435
1033621
725093
13706:
1478596
1865632
1865632
1764923
1069677
1478596
233440
1069677
1865632
14304:
1102433
864441
1655708
763897
1770937
1655708
1102433
763897
4612:
2310461
2263281
2310461
1367183
480075
2172149
903711
413615
1495057
340639
2158561
1903245
488075
1740928
1495057
1270408
1495057
524514
743686
1903245
514:
1662923
495270
2424183
641092
2098013
1468829
2098013
667253
1051178
667253
1662923
136912
620261
11995:
2153526
2006115
1692237
1692237
2523186
92947
135352
1692237
598179
9503:
2360494
1504665
2360494
2620402
2471756
2579824
29741
1504665
870602
870602
266868
360658
29741
8737:
1850453
2607876
5540:
1794276
813510
1572951
1566104
1566104
1827234
813510
1572951
10243:
215905
527931
2059476
1587095
1018245
1018245
1771967
1674065
1513109
565751
2418023
2457479
856237
1544462
1697642
2116406
2315741
17526:
1536977
2408:
2162470
747510
747510
427400
2523340
166101
215540
518309
454569
1483020
1688862
2135824
1958984
1667:
707326
707326
1421648
1334508
122323
289519
2602437
334714
1982660
2602437
2074501
2074501
1169716
6360:
1223439
10994:
1252150
160474
1242344
1786378
2456424
1751103
1786378
26225
1833:
1946947
1934236
1167568
1867632
2142469
1181788
354996
1321522
2514962
1862975
787985
3189:
108956
1434772
15304:
610412
1973376
388528
585438
388528
1301887
902931
388528
847073
578813
2406255
367344
367344
810736
1973376
1548970
585438
610412
585438
13123:
702482
1356553
1203265
1615446
702482
1920690
1273019
1203265
1356553
484623
205408
3155:
1517384
2266138
2541077
2541077
1601801
2541077
1643624
9273:
344536
2108205
655505
165661
344536
1094592
1702166
2108205
1008300
1008300
655505
1939745
165661
655505
6322:
944767
12926:
1003773
1462271
2436148
1533905
438369
2129354
104283
1528:
655111
1520870
2156707
2504663
536:
1232540
512598
2614987
1047304
512598
1232540
1500464
1500464
7244:
383092
6564:
2010461
1412703
387679
516891
2311778
798104
873809
2252878
727285
1479748
2252878
11253:
1876817
2248158
4967:
2487544
7146:
2170453
991418
548562
2170453
1920548
991418
2005542
884067
4685:
1129863
2172267
1675530
13432:
1272843
3299:
761364
415065
1070445
1718897
924708
2649267
761364
415065
1478131
881873
1224403
69183
1796758
1718897
2023:
2279878
2622588
1920100
1241946
5228:
1161181
1968629
2181330
13583:
54946
1711785
1207508
1503138
919504
1711785
13051:
2487404
1454625
1046529
1461473
710783
1123852
493578
1821992
731058
2583481
1617157
1352799
1512971
2132498
2505409
14013:
2098843
97638
813497
1176119
2098843
167236
85843
2023752
2305606
167236
1446294
505354
756620
15595:
475769
45696
1384:
1325516
1893587
1734483
2252360
2595294
1734483
1234048
2568818
1307848
6181:
772791
772791
11145:
956644
1913570
5016:
551587
551587
2633576
548588
16301:
720594
1712784
2203798
730652
730652
720594
1529918
720594
12684:
1880166
1802414
1760050
1880166
1880166
1344707
10011:
1624701
1624701
17511:
1146596
1401395
1401395
1401395
644425
15867:
221752
2581367
2581367
270702
1673445
870874
221752
33387
258021
221752
1645338
9156:
2461662
2289082
303401
1097194
622593
1377391
2360801
953831
849147
368816
1993755
564710
502491
906970
1888163
78994
953831
1674447
15528:
2531844
12727:
2574649
14604:
2608040
2608040
717555
9737:
2289095
2289095
11051:
206436
869268
109707
364927
1491427
1490632
1764071
2370314
6948:
2091069
1097735
1049402
2222832
2091069
2222832
622994
1805980
1805980
2473325
509841
550802
14652:
952289
1751084
1751084
2436832
2436832
1516345
9511:
2601975
1612484
2571211
2259603
2256175
1837429
2047398
1459727
1459727
2047398
348162
2571211
348162
1207078
323797
2448822
2256175
323797
15459:
562017
231680
2324356
820230
231680
14560:
707850
1846288
229207
111381
1846288
111381
229207
2090810
2090810
707850
1085267
9963:
1204018
513501
663882
513501
943314
1204018
663882
663882
8915:
1184101
877101
1392430
1719252
182419
1536116
188568
1943114
2262931
1683659
1540860
1762225
1704009
2515629
999623
1856506
1153147
7005:
1940934
1940934
1747525
2232059
382906
988463
2059030
2232059
2639831
16796:
2274144
139331
280795
2303674
1293784
2414511
1984672
2119496
1707062
1668072
39068
2580895
2303674
14957:
2431481
1904633
804170
1320075
1320075
1144872
2431481
1904633
1320075
679389
679389
2633562
1407690
1320075
1089:
1428866
1113154
1202969
1334575
908540
706392
1946851
1081354
643701
1165871
1135469
1101171
485428
2139690
1428866
460798
7793:
388381
1911874
1294714
1866229
1040637
1704484
1364969
1866229
1877043
2608320
1704484
3427:
110889
2255039
10692:
1862353
146462
656821
2199627
1489582
532454
44317
1240319
503328
19318
2432542
2199627
146462
19318
1240319
4753:
278489
2553660
8510:
1160963
2369235
619206
657655
2369235
1772247
2369235
1160963
1709026
2561682
619206
1117660
2369235
1709026
5341:
896801
6014:
26674
1518613
1401497
1920743
853945
7851
2598647
2571376
704909
410546
326510
180621
2535339
821762
1846095
2467944
1289523
7383:
568200
371818
568200
279871
371818
1390:
1524044
2256102
205474
1753703
167534
1753703
2594716
167534
167534
13679:
2021846
346927
346927
4923:
157619
2296956
157619
3163:
1286377
1581897
978541
1484949
569432
5857:
1627100
835519
1627100
240:
1975279
2338656
1375916
464550
92387
2476092
2447017
1223785
1081321
2398258
977347
282640
2107680
1148604
469290
1584347
1594061
10131:
177642
1823798
177642
819546
2228661
819546
526193
548935
1823798
1658101
14343:
1549546
598127
1794917
129051
1569405
1549225
129051
2262258
780696
2169848
2582:
1372558
837206
297787
1208629
297787
297787
385375
1979465
385375
482817
11987:
2032156
1809002
6659:
688306
1525513
2129392
1559008
90724
953698
10403:
1764647
978313
879219
978313
1048908
15673:
1227666
2093190
614279
11455:
2561910
6974:
2212333
528:
2385886
1457209
1850333
1719388
1096140
1993654
1767092
791832
176653
891803
188695
1753051
295282
1585536
2185506
443728
118526
